2 proccessors
-----Binary Random Study-----
naive algorithm
	1,0.227837
	2,0.201064
	4,0.195784
	8,0.211189
	16,0.213247
	32,0.214346
	64,0.212229
	128,0.213684
	256,0.212396
	512,0.214496
	1024,0.214079
	2048,0.213879
	4096,0.21483
	8192,0.213499
	16384,0.21331
	32768,0.105532
kmp algorithm
	1,0.28995
	2,0.242314
	4,0.20192
	8,0.21059
	16,0.20559
	32,0.18474
	64,0.20003
	128,0.222457
	256,0.191701
	512,0.212009
	1024,0.20134
	2048,0.19623
	4096,0.2026
	8192,0.235814
	16384,0.196388
	32768,0.102466
bm algorithm
	1,0.23526
	2,0.20679
	4,0.225835
	8,0.237719
	16,0.238392
	32,0.238117
	64,0.238299
	128,0.238118
	256,0.23803
	512,0.23849
	1024,0.238579
	2048,0.23803
	4096,0.237863
	8192,0.240357
	16384,0.237849
	32768,0.139107
1 processor
-----Binary Random Study-----
naive algorithm
	1,0.213112
	2,0.187509
	4,0.188576
	8,0.197464
	16,0.199771
	32,0.200957
	64,0.199519
	128,0.201355
	256,0.204471
	512,0.201779
	1024,0.201921
	2048,0.200994
	4096,0.199365
	8192,0.200979
	16384,0.20058
	32768,0.200305
kmp algorithm
	1,0.266163
	2,0.231047
	4,0.216185
	8,0.200149
	16,0.19368
	32,0.207889
	64,0.194702
	128,0.185137
	256,0.194275
	512,0.21102
	1024,0.194112
	2048,0.17833
	4096,0.20161
	8192,0.204629
	16384,0.179352
	32768,0.193301
bm algorithm
	1,0.221334
	2,0.241008
	4,0.247986
	8,0.268408
	16,0.270079
	32,0.265861
	64,0.265909
	128,0.265713
	256,0.265659
	512,0.266981
	1024,0.265036
	2048,0.266637
	4096,0.266512
	8192,0.265814
	16384,0.265618
	32768,0.265211
-----Binary Regular Study-----
naive algorithm
	1,0.158947
	2,0.189931
	4,0.254973
	8,0.382736
	16,0.679211
	32,1.19182
	64,2.2138
	128,4.24578
	256,8.33531
	512,16.5081
	1024,32.3413
	2048,62.963
	4096,42.3976
	8192,127.251
	16384,134.311
	32768,0
kmp algorithm
	1,0.228181
	2,0.229483
	4,0.22664
	8,0.228529
	16,0.227962
	32,0.22673
	64,0.226686
	128,0.226463
	256,0.238276
	512,0.226467
	1024,0.239739
	2048,0.238255
	4096,0.132223
	8192,0.136902
	16384,0.138497
	32768,0
bm algorithm
	1,0.223859
	2,0.221843
	4,0.267748
	8,0.383342
	16,0.666855
	32,1.14962
	64,2.10968
	128,4.02015
	256,7.99565
	512,15.2545
	1024,30.2964
	2048,51.7108
	4096,62.007
	8192,61.7989
	16384,62.1549
	32768,0

