35774418
35774418
35251844
35251844
33448754
33448754
33448754
33448754
33448754
33448754
33448754
33448754
33448754
33448754
33393695
33081408
32928199
32428941
32428941
32428941
32428941
32324549
32324549
32324549
32324549
32178993
32178993
32178993
32178993
32084462
32084462
32084462
32084462
32084462
32084462
31425119
31229859
31229859
31229859
31229859
31229859
31229859
30448057
30448057
30448057
30426816
30426816
30426816
30426816
29162135
29162135
29162135
29162135
29162135
29162135
29162135
29162135
29162135
29162135
29162135
29162135
29162135
29162135
29162135
29162135
29162135
29162135
29162135
29162135
29162135
29162135
29162135
29162135
29162135
29162135
29162135
29162135
29162135
29162135
29162135
29162135
29162135
29162135
29162135
29162135
29162135
29162135
29057779
29057779
28876759
28876759
28876759
28876759
28876759
28876759
28876759
28876759
28876759
28876759
28876759
28876759
28876759
28876759
28876759
28876759
28876759
28876759
28876759
28876759
28876759
28876759
28876759
28052512
28052512
28052512
28052512
28052512
28052512
28052512
28052512
28052512
28052512
28052512
28052512
28052512
28052512
28052512
27952601
27952601
27952601
27952601
27952601
27952601
27952601
27952601
27952601
27952601
27952601
27952601
27250696
27250696
27250696
27250696
27250696
27250696
27250696
27250696
27250696
27250696
27250696
27250696
27250696
27250696
27250696
27250696
27250696
27250696
27250696
27250696
27250696
27250696
27250696
27250696
27250696
27250696
27250696
27250696
27250696
27250696
27250696
27250696
27250696
27250696
27250696
27250696
27250696
27250696
27250696
27250696
27250696
27250696
27250696
27250696
27250696
27250696
27250696
27250696
27250696
26913509
26913509
26913509
26913509
26913509
26889789
26889789
